     HAM Party Februar-QSO-Party 2005  -  QSO-Liste     CALL: DN1LWS  
      
     DATE   UTC  CALL       BAND MODE SENT      RCVD      Prefix   Pkt
     060205 0915 DL1SWB     80   SSB  59  15    59  52    DL1       52
     060205 0924 DL7ULF     80   SSB  59  15    59  53    DL7       53
     060205 0929 DL9SUB     80   SSB  59  15    59  56    DL9       56
     060205 0935 DL1NUB     80   SSB  59  15    59  52              52
     060205 0943 DL0MFS     80   SSB  59  15    59  28    DL0       28
     060205 0956 DL7VPO     80   SSB  59  15    59  64              64
     060205 1001 DG0VOG     80   SSB  59  15    59  22    DG0       22
     060205 1008 DL6UF      80   SSB  59  15    59  80    DL6       80
     060205 1027 DL4SXB     80   SSB  59  15    59  65    DL4       65
     060205 1030 DL2KWA     80   SSB  59  15    59  66    DL2       66
     060205 1050 DL9KI      80   SSB  59  15    59  46              46
     060205 1051 DL7VCD/P   80   SSB  59  15    59  56              56
     060205 1052 DL3AAF     80   SSB  59  15    59  67    DL3       67
     060205 1058 DL5APW     80   SSB  57  15    55  47    DL5       47
     060205 1104 DG0TD      80   SSB  59  15    59  25              25
     060205 1105 DK0LWL     80   SSB  59  15    59  32    DK0       32
     060205 1108 DL1NOD     80   SSB  59  15    59  58              58
     060205 1109 DL4JWU     80   SSB  59  15    59  54              54
     060205 1110 DN1GSK     80   SSB  59  15    59  00    DN1      120
     060205 1111 DL3CA      80   SSB  59  15    59  68              68
     060205 1112 DB1HGV     80   SSB  59  15    59  54    DB1       54
     060205 1114 DL1LAD     80   SSB  59  15    59  54              54
     060205 1115 DL3VL      80   SSB  59  15    59  49              49
     060205 1117 DL6UFF     80   SSB  59  15    59  80              80
     060205 1125 DB6YW      80   SSB  59  15    59  85    DB6       85
     060205 1130 DL4BAE     80   SSB  59  15    59  56              56
     060205 1207 DC7NF      40   SSB  59  15    59  32    DC7       32
     060205 1213 DL5YM      40   SSB  59  15    59  56              56
     060205 1216 DL9KI      40   SSB  59  15    59  46              46
     060205 1216 DG1YFF     40   SSB  59  15    59  57    DG1       57
     060205 1218 DH5NBK     40   SSB  59  15    59  48    DH5       48
     060205 1219 DB6YW      40   SSB  59  15    59  58              58
     060205 1221 DM1DK      40   SSB  59  15    59  57    DM1       57
     060205 1223 DL4CW      40   SSB  59  15    59  42              42
     060205 1225 DM2AOC     40   SSB  59  15    59  61    DM2       61
     060205 1227 DL1SYL     40   SSB  59  15    59  00             100
     060205 1229 DB7BN      40   SSB  59  15    59  47    DB7       47
     060205 1231 DF3IS      40   SSB  59  15    59  45    DF3       45
     060205 1232 DC1WID     40   SSB  59  15    59  42    DC1       42
     060205 1234 DL9HC      40   SSB  59  15    59  72              72
     060205 1235 DF7NS      40   SSB  59  15    59  56    DF7       56
     060205 1239 DL9BS      40   SSB  59  15    59  29              29
     060205 1243 DL1PT      40   SSB  59  15    59  00             100
     060205 1244 DL2KWA     40   SSB  59  15    59  66              66
     060205 1246 DF8MN      40   SSB  59  15    59  00    DF8      100
     060205 1248 DL1NUB     40   SSB  59  15    59  52              52
     060205 1254 DB5HM      40   SSB  59  15    59  00    DB5      100
     060205 1257 DL6JWN     40   SSB  59  15    59  57              57
     060205 1300 DL7ULF     40   SSB  59  15    59  53              53
     060205 1304 DL6AE      40   SSB  59  15    59  41              41
     060205 1317 DF1RK      40   SSB  59  15    59  38    DF1       38
     060205 1320 DL5AWI     40   SSB  59  15    59  53              53
     060205 1325 DJ8OG      40   SSB  59  15    59  24    DJ8       24
     060205 1329 DK1RU      40   SSB  59  15    59  77    DK1       77
     060205 1331 DH1TR      40   SSB  59  15    59  35    DH1       35
     060205 1332 DL5FCO     40   SSB  59  15    59  49              49
     060205 1333 DG0CG      40   SSB  59  15    59  49              49
     060205 1334 DD9SW      40   SSB  59  15    59  66    DD9       66
     060205 1336 DL9MCQ     40   SSB  59  15    59  43              43
     060205 1336 DD6PS      40   SSB  59  15    59  53    DD6       53
     060205 1338 DL4MA      40   SSB  59  15    59  56              56
     060205 1341 ON6TP      40   SSB  59  15    59  84    ON6      104
     060205 1346 DG1KBQ     40   SSB  59  15    59  XX              20
     060205 1416 DJ9MH      40   SSB  59  15    59  65    DJ9       65
     060205 1444 DF1BN      40   SSB  59  15    59  53              53
      
                                                           3691 Punkte
                                                            33 Prefixe
