     QSO-Party Funkertag 2004  -  QSO-Liste     CALL: DN1LWS                      
      
     DATE   UTC  CALL        BAND MODE SENT      RCVD      PLZ   P
     120604 0824 DK9BW       80   SSB  59  25    59  49    49    3
     120604 0837 DF0WR       80   SSB  57  25    57  38    38    3
     120604 0837 DL6CKN      80   SSB  57  25    57  38          3
     120604 0851 DK8SV       40   SSB  59  25    59  73    73    3
     120604 0905 DJ3HJ       40   SSB  59  25    59  79    79    3
     120604 0909 DH8DR       40   SSB  59  25    59  06    06    3
     120604 0912 DF0AFZ      40   SSB  59  25    59  34    34    3
     120604 0913 DH5JBR      40   SSB  59  25    53  86    86    3
     120604 0928 DL5YM       40   SSB  59  25    59  15    15    3
     120604 0934 DK0RF/P     40   SSB  59  25    59  53    53    3
     120604 0940 DL0ANA      40   SSB  59  25    59  09    09    3
     120604 0952 DL0XYL      40   SSB  59  25    58  85    85    3
     120604 0952 DJ0FR       40   SSB  59  25    58  85          3
     120604 1003 DM2FDO      40   SSB  59  25    59  12    12    3
     120604 1040 DL1SEW      40   SSB  59  25    59  72    72    3
     120604 1055 SP/DK8RE    40   SSB  59  25    59  72          3
     120604 1105 DC2YY       40   SSB  59  25    59  17    17    3
     120604 1110 DK0BGS      40   SSB  59  25    59  84    84    3
     120604 1206 SO1CC       40   SSB  59  25    59  72          3
     120604 1214 DL0UEM      40   SSB  59  25    59  17          3
     120604 1214 DL2VC       40   SSB  59  25    59  17          3
     120604 1221 DJ8OG       40   SSB  59  25    59  63    63    3
     120604 1223 DL3BRA      40   SSB  59  25    59  16    16    3
     120604 1226 UU2JZA/MM   40   SSB  59  25    59  23    23    3
     120604 1236 DK0FR       40   SSB  59  25    59  79          3
     120604 1237 DL8FAC      40   SSB  59  25    59  79          3
     120604 1241 DL2SZB      40   SSB  59  25    59  18    18    3
     120604 1241 DL1AJ       40   SSB  59  25    59  03    03    3
     120604 1242 DC2LF       40   SSB  59  25    59  23          3
     120604 1244 DL7AJE      40   SSB  59  25    55  13    13    3
     120604 1245 DN1TR       40   SSB  59  25    58  14    14    5
     120604 1247 DB6VH       40   SSB  59  25    55  66    66    3
     120604 1249 DL4HO/M     40   SSB  59  25        13          3
     120604 1250 DL7UEB      40   SSB  59  25    59  16          3
     120604 1252 DF2UQ       40   SSB  59  25    59  75    75    3
     120604 1253 DL4HCF      40   SSB  59  25    59  21    21    3
     120604 1255 DG0SO       40   SSB  59  25    59  18          3
     120604 1255 DF0LBO      40   SSB  59  25    59  23          3
     120604 1257 DL0CM       40   SSB  59  25    59  68    68    3
     120604 1258 DL7VPO      40   SSB  59  25    59  15          3
     120604 1259 DK6RF       40   SSB  59  25    59  92    92    3
     120604 1306 DL0HAM      40   SSB  59  25    59  12          3
     120604 1322 DJ5YP       40   SSB  59  25    59  12          3
     120604 1331 DC7NF       40   SSB  59  25    59  92          3
     120604 1339 DL4JWU      40   SSB  59  25    59  39    39    3
     120604 1340 DL5JAN      40   SSB  59  25    59  08    08    3
     120604 1341 DL3AWB      40   SSB  59  25    59  04    04    3
     120604 1343 DF9HG       40   SSB  59  25    59  29    29    3
     120604 1403 DH6KD/P     40   SSB  59  25    59  56    56    3
     120604 1419 DL0KP       40   SSB  59  25    56  38          3
     120604 1424 DL0RO       40   SSB  59  25    59  46    46    3
     120604 1427 DH2RTW      40   SSB  59  25    59  42    42    3
     120604 1434 DD8UD       40   SSB  59  25    59  01    01    3
     120604 1436 DL9GMN      40   SSB  59  25    59  18          3
     120604 1440 DL7UKF/P    40   SSB  59  25    59  15          3
      
                                                        167 Punkte
                                                   35 PLZ-Regionen
